channel_a <- c(253, 258, 261, 284, 291, 292, 295, 343, 345, 349, 351, 353)
channel_b <- c(176, 173, 172, 242, 243, 112, 111, 171, 117, 316, 203, 246)