#
#
#  Percent Identity  Matrix - created by Clustal2.1 
#
#

     1: WP_010983715.1_Streptomyces_avermitilis                  100.00   21.10   19.09   17.53   19.54   19.93   17.53   19.53   21.74   13.78   16.83   18.06   16.88   18.81   15.74   22.85   19.34   20.33   19.34   18.69   20.66   22.62   21.31   20.00   20.00   20.00   18.69   20.98   20.86   20.20   19.54   19.08   20.53   20.53   17.55   16.89   18.54   18.94   19.60   18.27   17.55   20.53   18.60   20.27   20.93   18.94   18.94   19.60   19.60   17.94   18.60   21.67   20.60   17.55   18.60   19.93   21.93   22.00   18.87   21.52   22.92   22.26   21.93   17.14   14.33   16.88   15.61   17.20   16.45   18.10   24.19   19.28   20.39
     2: WP_053141838.1_Streptomyces_ambofaciens                   21.10  100.00   41.57   41.21   45.23   34.67   36.25   23.79   28.12   18.41   23.76   27.88   27.83   21.41   22.74   26.33   25.86   24.92   22.74   26.79   24.61   29.28   26.79   28.35   27.73   28.04   28.66   23.99   25.47   25.16   25.79   25.62   24.21   26.10   24.21   22.96   23.58   25.79   25.79   23.58   24.21   24.53   23.27   25.24   25.47   21.70   22.01   23.27   23.27   22.64   22.01   21.84   23.34   23.90   22.08   22.40   26.81   25.55   23.90   24.84   25.24   25.55   24.29   22.19   20.18   24.09   22.87   21.95   23.24   25.38   25.46   24.92   24.62
     3: WP_063765283.1_Nonomuraea_candida                         19.09   41.57  100.00   46.25   46.48   33.85   33.63   23.45   25.24   20.06   22.19   25.53   23.93   24.28   23.99   28.04   26.79   23.36   24.30   23.36   24.30   25.55   24.30   24.30   24.61   23.99   28.97   25.86   24.21   24.84   25.79   26.88   27.36   28.62   23.27   22.96   25.16   25.16   28.62   24.84   25.16   26.10   26.42   28.08   25.16   25.79   24.53   26.42   26.10   21.07   22.64   24.37   23.34   26.73   26.50   27.44   24.61   24.29   27.36   27.04   26.81   24.92   23.97   22.87   25.38   25.69   23.24   22.94   23.24   23.03   29.75   24.30   25.23
     4: WP_030433686.1_Allokutzneria_albata                       17.53   41.21   46.25  100.00   47.26   34.36   35.65   24.10   25.00   24.04   23.76   28.35   24.70   21.79   22.50   26.65   25.39   25.00   24.06   22.81   24.38   27.50   26.25   25.94   26.25   25.94   29.69   25.62   27.53   27.22   27.22   28.93   26.58   26.58   26.90   23.10   25.32   24.68   25.00   25.32   24.37   26.90   26.90   28.16   26.58   24.68   26.27   26.58   24.68   23.10   23.42   28.03   23.17   25.95   23.49   26.35   26.03   26.67   26.58   24.37   26.03   26.67   24.44   21.95   22.94   23.24   23.24   22.63   24.00   24.24   28.92   28.75   26.85
     5: WP_015101236.1_Saccharothrix_espanaensis                  19.54   45.23   46.48   47.26  100.00   46.77   44.48   23.61   27.12   22.73   24.33   30.65   28.70   23.93   23.00   27.16   27.56   25.88   24.60   24.92   24.28   26.84   25.56   26.52   25.24   27.16   32.91   30.35   23.95   24.27   24.92   27.65   24.92   27.18   26.21   25.24   26.86   27.83   27.51   23.95   26.21   26.86   26.86   26.21   25.89   24.27   25.57   26.54   22.65   23.62   23.62   23.45   25.00   24.60   22.40   25.00   25.32   26.62   25.89   24.60   22.73   23.70   22.73   24.61   25.31   25.62   24.69   25.62   26.10   25.39   23.90   23.32   24.61
     6: WP_097326105.1_Actinoplanes_atraurantiacus                19.93   34.67   33.85   34.36   46.77  100.00   66.36   25.66   28.20   25.08   28.76   27.73   28.57   23.36   21.86   27.10   23.23   24.12   23.79   26.05   23.15   28.30   26.69   27.33   27.65   28.62   28.62   25.08   26.30   26.95   26.62   27.10   28.25   28.25   26.30   24.03   28.25   28.25   28.90   25.65   24.35   27.27   26.95   29.55   28.25   26.30   25.97   26.30   27.60   23.38   25.97   25.82   23.45   25.65   24.76   24.76   24.76   26.71   23.70   26.30   27.04   25.73   24.76   25.39   26.42   27.04   25.47   25.79   25.32   25.86   26.58   25.08   26.67
     7: WP_076469753.1_Micromonospora_avicenniae                  17.53   36.25   33.63   35.65   44.48   66.36  100.00   23.20   26.62   23.73   25.83   26.97   30.77   20.90   22.64   26.48   22.36   24.21   24.21   24.21   21.70   26.10   25.16   24.84   25.16   25.79   28.30   23.90   28.04   27.47   26.40   26.38   27.41   28.66   25.55   25.00   26.40   23.77   27.73   26.40   25.08   26.40   23.68   26.67   25.23   23.68   25.23   24.77   26.23   25.62   26.09   23.29   22.50   25.23   23.12   24.06   25.70   27.41   23.36   24.92   25.31   25.00   24.69   23.31   23.38   25.54   23.08   22.77   25.54   25.91   26.32   23.27   26.40
     8: WP_095301808.1_Bacillus_sp._7586-K                        19.53   23.79   23.45   24.10   23.61   25.66   23.20  100.00   49.55   23.34   30.03   27.97   27.74   19.19   22.37   21.93   23.36   22.04   21.05   22.37   24.01   24.34   23.03   25.00   22.70   22.70   21.05   22.70   22.33   24.67   23.67   23.84   22.00   21.33   20.00   21.67   22.67   21.33   21.67   22.00   25.00   25.33   22.67   21.33   25.00   24.67   23.33   24.67   22.67   21.67   21.67   23.15   21.40   23.67   23.75   24.75   22.41   19.40   24.00   21.33   23.08   21.40   21.74   21.15   23.55   19.29   21.86   21.86   22.15   23.72   22.15   21.52   23.53
     9: WP_090922125.1_Paenibacillus_polysaccharolyticus          21.74   28.12   25.24   25.00   27.12   28.20   26.62   49.55  100.00   23.82   29.59   25.24   29.26   19.73   20.92   25.41   24.51   26.47   21.57   24.18   24.51   25.82   26.14   27.12   25.49   26.47   23.86   23.53   24.83   26.16   25.83   26.64   26.82   25.17   25.50   25.50   27.48   23.84   24.17   25.83   26.82   27.15   25.50   26.82   27.48   24.50   25.50   26.82   24.83   27.15   26.82   23.33   23.92   23.84   24.58   26.58   25.58   24.58   23.51   24.17   23.92   26.58   24.92   18.79   23.72   23.00   23.32   23.96   23.95   25.80   23.62   22.04   23.05
    10: WP_073399371.1_Bacteroides_luti                           13.78   18.41   20.06   24.04   22.73   25.08   23.73   23.34   23.82  100.00   29.32   23.53   24.05   16.39   21.43   23.70   21.54   21.43   21.10   20.13   18.83   22.73   21.43   21.43   22.40   22.73   22.08   21.43   18.89   19.22   20.20   20.06   22.48   19.22   18.89   17.92   20.85   19.22   19.54   19.87   21.50   21.17   21.82   22.37   21.82   22.48   19.54   20.20   20.20   17.59   16.61   22.62   21.90   17.92   18.95   19.61   20.26   20.92   21.17   19.54   23.20   20.26   22.55   19.18   21.52   19.56   20.82   21.14   20.32   22.64   22.68   27.92   22.44
    11: WP_092493676.1_Virgibacillus_salinus                      16.83   23.76   22.19   23.76   24.33   28.76   25.83   30.03   29.59   29.32  100.00   32.68   26.71   19.59   23.41   23.65   24.08   22.41   22.41   23.08   23.41   22.41   24.75   24.75   25.08   24.41   22.07   20.74   21.69   21.36   22.03   25.93   25.42   24.41   25.08   24.07   24.41   23.73   26.78   24.07   24.41   27.46   28.47   26.44   27.80   27.80   24.07   24.75   23.73   25.08   23.73   24.91   24.15   23.05   23.47   22.45   23.13   22.45   22.37   22.37   23.81   22.11   22.45   21.68   22.48   24.68   24.68   24.35   20.39   27.83   22.70   23.41   23.76
    12: WP_084558798.1_Anaerocolumna_xylanovorans                 18.06   27.88   25.53   28.35   30.65   27.73   26.97   27.97   25.24   23.53   32.68  100.00   36.72   18.73   23.22   24.15   23.38   22.29   23.22   22.60   22.60   25.08   22.91   26.63   22.60   23.53   21.67   21.36   20.81   22.98   22.98   22.84   22.67   23.29   24.84   22.05   23.29   22.36   21.74   23.60   23.29   25.78   22.98   22.57   21.43   23.60   23.29   24.84   22.36   22.67   22.98   21.25   20.87   20.81   21.81   22.74   20.56   23.05   22.05   21.74   23.68   22.12   21.81   19.64   20.97   20.30   22.73   21.82   21.21   22.22   23.78   22.91   21.10
    13: WP_099839552.1_Clostridium_combesii                       16.88   27.83   23.93   24.70   28.70   28.57   30.77   27.74   29.26   24.05   26.71   36.72  100.00   18.85   25.23   27.67   25.94   29.91   26.48   27.41   24.61   28.04   25.86   28.04   26.79   26.79   26.79   24.30   25.24   24.92   25.24   26.33   24.61   25.24   25.55   23.34   26.18   23.66   26.50   26.18   25.24   26.50   23.97   26.18   25.24   24.92   24.92   26.18   24.29   24.92   26.50   25.40   25.00   23.34   22.47   22.78   23.73   26.58   24.29   24.29   24.05   24.68   24.37   26.75   25.38   22.56   23.78   22.87   24.85   25.98   22.09   23.05   22.46
    14: WP_082133371.1_Mycolicibacterium_obuense                  18.81   21.41   24.28   21.79   23.93   23.36   20.90   19.19   19.73   16.39   19.59   18.73   18.85  100.00   20.43   25.00   25.39   24.15   24.46   22.91   22.29   23.84   23.84   25.08   24.46   24.46   25.70   24.15   22.81   21.25   22.19   23.20   25.39   26.65   21.63   20.38   23.20   23.82   23.82   23.82   22.26   21.32   21.94   21.63   23.51   22.57   21.00   20.69   21.63   23.20   22.57   22.40   22.64   23.82   23.27   24.21   24.84   24.21   23.20   21.94   23.90   23.27   22.33   24.22   23.99   21.43   24.22   23.60   24.07   23.46   24.07   23.12   22.84
    15: WP_088206054.1_Chlamydiales_bacterium_SCGC_AG-110-P3      15.74   22.74   23.99   22.50   23.00   21.86   22.64   22.37   20.92   21.43   23.41   23.22   25.23   20.43  100.00   42.39   43.03   47.34   48.22   44.08   44.97   44.08   46.75   44.38   46.15   45.27   49.11   48.66   35.03   33.83   33.83   36.23   34.73   35.93   37.72   39.22   40.42   39.52   37.43   39.22   42.81   41.92   39.82   39.52   37.13   44.61   41.02   41.32   38.92   34.73   37.13   43.07   38.44   35.63   35.84   36.34   37.84   39.64   38.92   38.32   37.84   37.24   38.44   29.46   28.66   31.85   33.63   34.23   33.73   34.91   34.91   35.93   36.09
    16: WP_026204600.1_Actinomycetospora_chiangmaiensis           22.85   26.33   28.04   26.65   27.16   27.10   26.48   21.93   25.41   23.70   23.65   24.15   27.67   25.00   42.39  100.00   60.95   50.75   48.06   45.97   45.07   48.06   45.97   44.78   44.78   44.48   54.33   52.99   40.90   39.70   40.90   43.28   42.39   42.69   45.37   45.07   46.57   46.87   46.27   45.97   45.97   42.99   45.07   45.92   47.76   44.78   45.37   45.97   42.69   43.58   42.39   48.05   45.81   40.90   40.54   44.01   47.01   49.70   43.88   48.66   48.80   48.80   47.90   34.53   33.43   36.04   34.83   34.53   41.54   41.19   42.39   36.86   36.72
    17: WP_119951226.1_Frankiales_bacterium_YIM_75000             19.34   25.86   26.79   25.39   27.56   23.23   22.36   23.36   24.51   21.54   24.08   23.38   25.94   25.39   43.03   60.95  100.00   50.74   49.55   48.37   53.12   50.45   50.45   49.55   48.96   50.15   52.52   53.27   40.53   38.17   39.05   40.83   40.83   41.72   44.38   43.49   45.86   44.38   45.86   43.20   45.27   42.90   40.83   42.94   44.38   44.97   44.38   46.45   42.90   43.20   43.20   46.73   43.62   41.42   38.39   43.03   44.51   48.37   44.67   50.00   49.85   48.07   47.48   35.22   33.23   37.01   35.52   35.82   41.30   43.03   41.25   35.74   35.91
    18: WP_116651321.1_Wenzhouxiangella_sediminis                 20.33   24.92   23.36   25.00   25.88   24.12   24.21   22.04   26.47   21.43   22.41   22.29   29.91   24.15   47.34   50.75   50.74  100.00   57.40   54.44   58.28   58.88   56.80   58.28   58.58   57.40   53.25   52.23   43.71   43.11   43.11   41.32   40.72   41.32   41.92   39.82   43.11   44.01   44.61   44.31   47.31   44.91   47.01   45.21   45.21   47.31   48.20   48.50   40.42   39.22   41.32   45.78   45.05   40.12   40.06   39.94   45.05   47.45   44.91   44.31   46.55   46.25   47.15   34.52   31.94   35.42   35.42   34.82   36.98   41.12   37.57   38.02   37.87
    19: WP_117315975.1_Chromatocurvus_halotolerans                19.34   22.74   24.30   24.06   24.60   23.79   24.21   21.05   21.57   21.10   22.41   23.22   26.48   24.46   48.22   48.06   49.55   57.40  100.00   58.28   58.88   59.47   60.95   60.06   59.76   58.88   55.03   55.19   39.52   36.23   37.43   38.32   42.22   40.42   41.92   39.22   43.41   44.61   46.41   44.01   45.51   43.41   46.11   44.61   44.01   45.51   44.31   44.31   43.41   40.12   39.82   47.29   44.14   38.32   38.55   38.44   44.14   47.45   43.11   45.21   45.35   45.35   44.44   32.14   31.94   34.82   32.14   33.93   42.60   40.24   40.24   37.72   39.05
    20: WP_076585679.1_Luteimonas_tolerans                        18.69   26.79   23.36   22.81   24.92   26.05   24.21   22.37   24.18   20.13   23.08   22.60   27.41   22.91   44.08   45.97   48.37   54.44   58.28  100.00   70.41   76.63   72.49   77.22   77.22   77.51   49.11   51.93   39.22   35.63   38.02   36.83   40.12   41.02   44.01   40.42   44.61   44.01   46.41   40.72   45.21   42.81   44.91   46.11   43.41   45.81   45.51   45.21   40.72   37.13   37.72   41.87   41.14   37.43   37.65   35.74   42.94   45.95   41.92   44.91   45.35   43.54   44.44   33.93   32.24   34.52   36.31   34.52   36.39   37.87   37.87   36.53   37.87
    21: WP_028771085.1_Silanimonas_lenta                          20.66   24.61   24.30   24.38   24.28   23.15   21.70   24.01   24.51   18.83   23.41   22.60   24.61   22.29   44.97   45.07   53.12   58.28   58.88   70.41  100.00   73.96   76.92   74.85   77.81   73.96   52.37   53.71   40.72   38.02   39.82   37.43   39.52   38.62   45.21   41.62   46.11   45.21   44.91   42.81   46.41   43.11   44.91   45.21   43.41   47.90   47.60   46.71   42.51   38.62   39.52   43.98   42.34   38.32   38.55   39.34   45.65   43.84   43.41   44.91   43.84   42.04   43.84   31.55   31.64   34.52   33.33   32.44   36.69   38.46   38.76   36.23   37.87
    22: WP_114959563.1_Thermomonas_haemolytica                    22.62   29.28   25.55   27.50   26.84   28.30   26.10   24.34   25.82   22.73   22.41   25.08   28.04   23.84   44.08   48.06   50.45   58.88   59.47   76.63   73.96  100.00   76.92   78.11   79.88   78.40   53.25   55.79   41.32   38.92   40.12   37.43   41.92   41.62   44.91   41.62   49.40   46.11   50.30   44.01   45.81   45.21   47.01   49.40   46.71   48.80   48.80   48.20   44.31   41.32   40.42   45.78   43.54   39.52   40.36   38.14   45.05   45.05   44.01   46.41   48.65   46.85   47.15   34.52   33.13   35.71   35.42   33.63   37.87   39.64   39.94   37.43   39.94
    23: WP_022969495.1_Arenimonas_oryziterrae                     21.31   26.79   24.30   26.25   25.56   26.69   25.16   23.03   26.14   21.43   24.75   22.91   25.86   23.84   46.75   45.97   50.45   56.80   60.95   72.49   76.92   76.92  100.00   79.29   80.77   79.29   53.25   54.60   40.72   36.23   37.43   36.83   40.72   38.92   43.11   42.22   47.31   44.61   46.11   43.41   44.01   42.22   43.41   45.81   44.91   45.81   44.61   44.31   41.62   40.72   38.62   44.28   41.74   35.03   36.14   36.94   42.34   44.14   41.92   44.61   43.84   43.54   43.84   30.65   31.04   36.61   34.52   32.74   36.09   38.17   38.46   35.93   39.94
    24: WP_130552392.1_Pseudoxanthomonas_﻿sp._NML171200         20.00   28.35   24.30   25.94   26.52   27.33   24.84   25.00   27.12   21.43   24.75   26.63   28.04   25.08   44.38   44.78   49.55   58.28   60.06   77.22   74.85   78.11   79.29  100.00   87.28   85.80   52.07   53.12   40.12   37.13   38.62   34.13   38.92   40.72   41.62   39.82   46.71   42.81   45.21   40.72   43.71   41.92   43.11   44.91   44.01   45.21   43.41   43.11   40.72   38.92   37.13   43.07   39.64   36.23   37.95   35.44   41.74   41.74   43.41   42.81   43.84   42.64   42.04   33.04   32.24   36.31   35.42   35.12   36.98   37.57   38.17   36.53   37.57
    25: NP_635607.1                                               20.00   27.73   24.61   26.25   25.24   27.65   25.16   22.70   25.49   22.40   25.08   22.60   26.79   24.46   46.15   44.78   48.96   58.58   59.76   77.22   77.81   79.88   80.77   87.28  100.00   87.87   52.07   53.12   40.12   36.83   38.32   36.23   38.92   39.82   42.51   40.72   45.21   42.22   45.81   40.72   43.71   42.22   43.71   44.91   42.51   44.91   43.41   42.51   41.32   38.32   38.62   42.77   39.64   37.72   37.05   36.94   43.24   42.64   42.81   43.11   45.35   43.24   43.54   32.14   32.84   36.01   35.12   34.23   36.98   37.87   39.64   37.13   38.46
    26: WP_003480168.1_Xanthomonas_translucens_﻿pv._graminis    20.00   28.04   23.99   25.94   27.16   28.62   25.79   22.70   26.47   22.73   24.41   23.53   26.79   24.46   45.27   44.48   50.15   57.40   58.88   77.51   73.96   78.40   79.29   85.80   87.87  100.00   52.66   53.12   40.42   36.83   38.62   36.83   38.92   40.12   41.02   40.72   44.91   42.81   46.11   39.22   43.41   42.22   42.51   43.71   43.41   44.61   43.41   43.41   41.92   37.72   39.82   42.17   39.34   37.13   37.95   37.24   42.94   44.14   43.11   44.01   45.35   43.24   43.24   32.44   31.94   35.12   35.12   33.63   36.69   36.98   37.57   36.83   37.28
    27: WP_106091803.1_Enhygromyxa_salina_strain_SWB007           18.69   28.66   28.97   29.69   32.91   28.62   28.30   21.05   23.86   22.08   22.07   21.67   26.79   25.70   49.11   54.33   52.52   53.25   55.03   49.11   52.37   53.25   53.25   52.07   52.07   52.66  100.00   59.05   41.62   38.62   39.52   41.02   39.82   43.41   43.11   42.81   45.81   46.41   48.20   46.11   45.81   46.71   44.31   44.91   44.61   47.01   47.31   46.71   43.71   40.72   44.31   47.29   45.35   42.22   41.57   41.44   44.74   47.15   46.71   46.41   47.75   47.75   46.85   37.50   37.31   40.18   40.18   39.88   41.72   41.42   42.60   37.13   40.24
    28: WP_053234550.1_Sandaracinus_amylolyticus                  20.98   23.99   25.86   25.62   30.35   25.08   23.90   22.70   23.53   21.43   20.74   21.36   24.30   24.15   48.66   52.99   53.27   52.23   55.19   51.93   53.71   55.79   54.60   53.12   53.12   53.12   59.05  100.00   38.44   38.14   37.84   39.04   40.24   39.94   42.34   41.74   42.64   43.54   43.54   41.14   41.44   42.94   41.44   40.54   42.04   44.44   43.54   42.64   42.34   41.14   42.34   46.22   45.18   37.54   39.27   38.86   43.67   45.78   43.54   46.85   47.59   46.69   46.08   38.21   33.23   37.61   38.51   39.10   41.84   41.84   42.43   37.84   37.98
    29: WP_101686474.1_Dermabacter_hominis                        20.86   25.47   24.21   27.53   23.95   26.30   28.04   22.33   24.83   18.89   21.69   20.81   25.24   22.81   35.03   40.90   40.53   43.71   39.52   39.22   40.72   41.32   40.72   40.12   40.12   40.42   41.62   38.44  100.00   72.81   70.47   52.79   49.27   50.73   49.85   50.15   49.27   50.29   46.76   52.06   51.03   50.44   49.41   50.60   52.35   50.88   51.18   52.06   52.35   49.71   50.00   45.43   45.00   47.80   47.79   46.47   43.82   49.56   46.47   47.65   46.47   51.18   50.29   30.12   28.70   33.43   32.23   32.23   34.52   36.53   37.72   33.94   35.93
    30: WP_096166078.1_Brachybacterium_alimentarium               20.20   25.16   24.84   27.22   24.27   26.95   27.47   24.67   26.16   19.22   21.36   22.98   24.92   21.25   33.83   39.70   38.17   43.11   36.23   35.63   38.02   38.92   36.23   37.13   36.83   36.83   38.62   38.14   72.81  100.00   88.34   53.20   47.80   51.03   49.56   50.00   50.88   49.27   48.82   53.08   51.60   52.05   49.71   51.20   53.24   50.29   52.06   53.22   51.90   45.48   50.73   43.57   41.76   47.51   43.95   44.71   40.82   48.53   45.00   46.76   48.82   48.24   47.65   28.31   28.70   32.83   31.33   29.82   35.12   36.53   38.02   33.64   35.63
    31: WP_126985334.1_Brachybacterium_paraconglomeratum          19.54   25.79   25.79   27.22   24.92   26.62   26.40   23.67   25.83   20.20   22.03   22.98   25.24   22.19   33.83   40.90   39.05   43.11   37.43   38.02   39.82   40.12   37.43   38.62   38.32   38.62   39.52   37.84   70.47   88.34  100.00   51.75   48.09   51.32   50.15   48.83   50.29   50.73   51.47   54.55   50.88   52.34   49.41   51.50   53.24   50.88   51.76   53.67   49.85   45.16   49.85   44.71   42.94   48.09   44.25   46.47   40.47   48.82   47.35   47.06   48.24   47.35   47.06   29.22   28.70   33.43   31.33   30.72   35.71   36.83   37.72   34.55   36.83
    32: WP_005508112.1_Rothia_mucilaginosa                        19.08   25.62   26.88   28.93   27.65   27.10   26.38   23.84   26.64   20.06   25.93   22.84   26.33   23.20   36.23   43.28   40.83   41.32   38.32   36.83   37.43   37.43   36.83   34.13   36.23   36.83   41.02   39.04   52.79   53.20   51.75  100.00   65.40   62.76   55.72   53.58   54.68   55.46   50.59   52.49   52.77   52.92   52.65   52.99   53.24   51.18   51.47   52.05   52.03   47.99   52.20   46.80   45.29   45.45   47.20   47.35   44.22   52.06   47.06   50.88   48.24   52.35   51.76   32.63   32.73   32.04   29.94   30.84   36.39   37.50   36.90   34.14   38.51
    33: WP_068469535.1_Kocuria_varians_strain_G6                  20.53   24.21   27.36   26.58   24.92   28.25   27.41   22.00   26.82   22.48   25.42   22.67   24.61   25.39   34.73   42.39   40.83   40.72   42.22   40.12   39.52   41.92   40.72   38.92   38.92   38.92   39.82   40.24   49.27   47.80   48.09   65.40  100.00   73.90   56.01   54.84   56.01   57.94   54.12   52.94   53.08   56.89   53.24   55.09   55.88   55.00   55.88   54.71   55.29   51.18   54.71   44.25   43.53   45.75   47.20   47.06   44.71   54.28   45.59   50.59   52.94   49.41   50.88   32.53   29.61   33.73   31.93   31.63   36.31   38.32   40.72   34.24   36.23
    34: WP_058859095.1_Kocuria_flava                              20.53   26.10   28.62   26.58   27.18   28.25   28.66   21.33   25.17   19.22   24.41   23.29   25.24   26.65   35.93   42.69   41.72   41.32   40.42   41.02   38.62   41.62   38.92   40.72   39.82   40.12   43.41   39.94   50.73   51.03   51.32   62.76   73.90  100.00   56.60   56.89   55.72   58.24   54.41   55.00   55.13   53.96   51.76   54.79   56.18   53.82   56.47   54.71   55.88   52.65   56.47   45.13   45.59   50.44   48.08   47.06   47.06   52.80   49.71   53.82   52.94   52.65   52.65   34.04   32.33   36.14   32.23   33.13   37.20   36.83   41.02   33.94   34.43
    35: WP_086990725.1_Agrococcus_casei                           17.55   24.21   23.27   26.90   26.21   26.30   25.55   20.00   25.50   18.89   25.08   24.84   25.55   21.63   37.72   45.37   44.38   41.92   41.92   44.01   45.21   44.91   43.11   41.62   42.51   41.02   43.11   42.34   49.85   49.56   50.15   55.72   56.01   56.60  100.00   65.10   68.91   57.65   55.00   58.82   60.12   55.72   57.94   56.29   55.88   58.53   58.82   59.12   58.82   54.12   61.47   46.02   45.29   45.16   46.02   45.59   46.18   53.69   46.76   51.18   50.59   53.24   53.82   34.04   32.02   36.14   31.33   31.33   38.39   38.92   39.82   32.12   35.33
    36: WP_005885358.1_Brevibacterium_mcbrellneri                 16.89   22.96   22.96   23.10   25.24   24.03   25.00   21.67   25.50   17.92   24.07   22.05   23.34   20.38   39.22   45.07   43.49   39.82   39.22   40.42   41.62   41.62   42.22   39.82   40.72   40.72   42.81   41.74   50.15   50.00   48.83   53.58   54.84   56.89   65.10  100.00   70.18   59.43   55.29   60.70   61.81   58.77   57.35   57.49   60.00   60.29   58.82   59.36   63.37   54.21   63.64   43.90   44.71   45.16   45.43   45.88   42.49   54.12   47.35   51.18   49.12   53.24   52.35   31.02   29.00   32.53   30.12   28.92   37.20   37.43   34.43   32.42   34.43
    37: WP_101620581.1_Brevibacterium_antiquum                    18.54   23.58   25.16   25.32   26.86   28.25   26.40   22.67   27.48   20.85   24.41   23.29   26.18   23.20   40.42   46.57   45.86   43.11   43.41   44.61   46.11   49.40   47.31   46.71   45.21   44.91   45.81   42.64   49.27   50.88   50.29   54.68   56.01   55.72   68.91   70.18  100.00   64.81   59.71   68.62   67.25   61.40   65.29   65.27   65.29   65.88   66.47   65.69   65.69   58.06   64.81   46.76   45.59   46.92   47.20   44.41   46.33   55.00   50.00   53.53   53.24   55.88   52.94   36.14   32.63   36.75   34.64   35.24   39.58   40.42   38.02   33.64   34.73
    38: WP_003805730.1_Arthrobacter_globiformis                   18.94   25.79   25.16   24.68   27.83   28.25   23.77   21.33   23.84   19.22   23.73   22.36   23.66   23.82   39.52   46.87   44.38   44.01   44.61   44.01   45.21   46.11   44.61   42.81   42.22   42.81   46.41   43.54   50.29   49.27   50.73   55.46   57.94   58.24   57.65   59.43   64.81  100.00   61.47   64.81   65.79   59.53   64.12   62.87   62.65   65.88   62.94   63.16   61.92   55.14   58.94   47.81   48.97   47.35   47.93   48.38   47.54   59.12   51.33   58.41   56.05   59.29   59.59   31.93   33.23   37.35   34.64   34.64   38.99   39.22   39.52   35.45   37.72
    39: WP_013837355.1_Isoptericola_variabilis                    19.60   25.79   28.62   25.00   27.51   28.90   27.73   21.67   24.17   19.54   26.78   21.74   26.50   23.82   37.43   46.27   45.86   44.61   46.41   46.41   44.91   50.30   46.11   45.21   45.81   46.11   48.20   43.54   46.76   48.82   51.47   50.59   54.12   54.41   55.00   55.29   59.71   61.47  100.00   62.35   62.35   67.06   66.18   67.37   68.24   66.47   67.06   67.35   60.00   55.00   60.59   49.41   48.08   47.35   46.15   45.72   42.18   53.69   48.67   53.39   53.69   50.74   50.44   33.73   32.33   34.94   34.34   31.33   38.99   40.42   37.72   31.21   35.03
    40: WP_104244666.1_Subtercola_sp._Z020                        18.27   23.58   24.84   25.32   23.95   25.65   26.40   22.00   25.83   19.87   24.07   23.60   26.18   23.82   39.22   45.97   43.20   44.31   44.01   40.72   42.81   44.01   43.41   40.72   40.72   39.22   46.11   41.14   52.06   53.08   54.55   52.49   52.94   55.00   58.82   60.70   68.62   64.81   62.35  100.00   69.21   63.93   65.00   65.57   68.24   67.35   69.12   68.62   63.34   58.06   60.70   50.44   47.49   45.88   46.15   45.72   44.12   57.06   50.74   53.39   54.28   56.34   54.28   31.93   31.72   33.43   32.83   31.33   37.50   37.13   36.23   34.85   37.13
    41: WP_015490789.1_Clavibacter_michiganensis                  17.55   24.21   25.16   24.37   26.21   24.35   25.08   25.00   26.82   21.50   24.41   23.29   25.24   22.26   42.81   45.97   45.27   47.31   45.51   45.21   46.41   45.81   44.01   43.71   43.71   43.41   45.81   41.44   51.03   51.60   50.88   52.77   53.08   55.13   60.12   61.81   67.25   65.79   62.35   69.21  100.00   65.20   68.53   69.16   68.24   72.06   70.59   71.35   62.28   57.02   60.70   51.91   52.94   45.45   45.72   46.47   46.78   53.82   51.18   50.88   53.53   55.88   55.00   30.72   31.72   37.05   32.53   32.53   36.90   39.22   38.02   33.64   35.63
    42: WP_086472704.1_Plantibacter_sp._VKM_Ac-1784               20.53   24.53   26.10   26.90   26.86   27.27   26.40   25.33   27.15   21.17   27.46   25.78   26.50   21.32   41.92   42.99   42.90   44.91   43.41   42.81   43.11   45.21   42.22   41.92   42.22   42.22   46.71   42.94   50.44   52.05   52.34   52.92   56.89   53.96   55.72   58.77   61.40   59.53   67.06   63.93   65.20  100.00   67.65   67.96   66.18   72.94   70.29   70.97   61.29   51.61   58.94   50.29   47.94   46.92   46.02   45.88   41.06   54.12   47.65   52.06   52.06   52.06   53.53   34.04   31.42   34.94   35.24   33.73   37.50   40.12   39.52   34.85   37.72
    43: WP_012868615.1_Sanguibacter_keddieii                      18.60   23.27   26.42   26.90   26.86   26.95   23.68   22.67   25.50   21.82   28.47   22.98   23.97   21.94   39.82   45.07   40.83   47.01   46.11   44.91   44.91   47.01   43.41   43.11   43.71   42.51   44.31   41.44   49.41   49.71   49.41   52.65   53.24   51.76   57.94   57.35   65.29   64.12   66.18   65.00   68.53   67.65  100.00   81.44   74.41   72.35   72.65   70.59   63.24   52.65   57.06   50.89   50.15   46.76   45.56   44.25   45.13   56.34   49.85   51.03   51.62   55.16   54.57   31.93   32.63   36.45   32.83   35.24   36.61   38.92   37.43   35.15   38.32
    44: WP_100422947.1_Sediminihabitans_luteus                    20.27   25.24   28.08   28.16   26.21   29.55   26.67   21.33   26.82   22.37   26.44   22.57   26.18   21.63   39.52   45.92   42.94   45.21   44.61   46.11   45.21   49.40   45.81   44.91   44.91   43.71   44.91   40.54   50.60   51.20   51.50   52.99   55.09   54.79   56.29   57.49   65.27   62.87   67.37   65.57   69.16   67.96   81.44  100.00   74.55   72.16   71.86   71.56   61.38   53.29   55.39   49.40   48.95   45.21   44.28   45.95   47.45   57.06   50.15   53.15   51.65   56.46   56.46   32.83   32.93   36.75   33.43   34.34   38.02   39.52   38.02   34.85   36.53
    45: WP_034630949.1_Cellulomonas_cellasea                      20.93   25.47   25.16   26.58   25.89   28.25   25.23   25.00   27.48   21.82   27.80   21.43   25.24   23.51   37.13   47.76   44.38   45.21   44.01   43.41   43.41   46.71   44.91   44.01   42.51   43.41   44.61   42.04   52.35   53.24   53.24   53.24   55.88   56.18   55.88   60.00   65.29   62.65   68.24   68.24   68.24   66.18   74.41   74.55  100.00   73.53   75.29   72.94   60.29   58.24   58.82   51.78   51.03   46.47   44.08   45.13   43.66   56.05   51.62   53.10   52.21   56.34   57.23   31.02   31.72   37.05   33.73   34.64   39.29   41.32   38.32   33.33   38.62
    46: WP_079726385.1_Okibacterium_fritillariae                  18.94   21.70   25.79   24.68   24.27   26.30   23.68   24.67   24.50   22.48   27.80   23.60   24.92   22.57   44.61   44.78   44.97   47.31   45.51   45.81   47.90   48.80   45.81   45.21   44.91   44.61   47.01   44.44   50.88   50.29   50.88   51.18   55.00   53.82   58.53   60.29   65.88   65.88   66.47   67.35   72.06   72.94   72.35   72.16   73.53  100.00   82.65   79.41   62.94   55.00   60.00   52.07   49.85   46.76   46.45   43.66   42.18   54.28   50.15   52.51   52.51   53.98   54.87   35.24   32.93   37.95   36.75   35.84   36.90   39.82   39.52   35.45   38.62
    47: WP_044441590.1_Agreia_bicolorata                          18.94   22.01   24.53   26.27   25.57   25.97   25.23   23.33   25.50   19.54   24.07   23.29   24.92   21.00   41.02   45.37   44.38   48.20   44.31   45.51   47.60   48.80   44.61   43.41   43.41   43.41   47.31   43.54   51.18   52.06   51.76   51.47   55.88   56.47   58.82   58.82   66.47   62.94   67.06   69.12   70.59   70.29   72.65   71.86   75.29   82.65  100.00   83.82   63.24   57.35   61.47   51.78   50.15   46.76   45.56   46.02   44.84   56.64   52.51   54.57   53.39   55.75   56.34   34.34   32.02   37.05   36.14   34.34   38.10   40.42   40.12   35.76   38.32
    48: WP_056164922.1_Leifsonia_﻿sp._Leaf325                   19.60   23.27   26.42   26.58   26.54   26.30   24.77   24.67   26.82   20.20   24.75   24.84   26.18   20.69   41.32   45.97   46.45   48.50   44.31   45.21   46.71   48.20   44.31   43.11   42.51   43.41   46.71   42.64   52.06   53.22   53.67   52.05   54.71   54.71   59.12   59.36   65.69   63.16   67.35   68.62   71.35   70.97   70.59   71.56   72.94   79.41   83.82  100.00   61.70   57.60   61.29   51.76   50.74   46.47   47.04   48.38   43.70   54.71   52.51   53.98   53.69   54.87   55.46   33.73   32.02   37.35   35.24   34.34   37.20   40.42   39.22   35.45   38.92
    49: WP_033420292.1_Nesterenkonia_alba                         19.60   23.27   26.10   24.68   22.65   27.60   26.23   22.67   24.83   20.20   23.73   22.36   24.29   21.63   38.92   42.69   42.90   40.42   43.41   40.72   42.51   44.31   41.62   40.72   41.32   41.92   43.71   42.34   52.35   51.90   49.85   52.03   55.29   55.88   58.82   63.37   65.69   61.92   60.00   63.34   62.28   61.29   63.24   61.38   60.29   62.94   63.24   61.70  100.00   57.56   65.10   45.32   46.61   48.24   47.04   45.72   43.73   54.41   46.31   51.92   53.10   51.62   52.21   33.33   30.42   34.83   31.53   31.53   37.09   37.01   37.72   34.44   38.21
    50: CVN04163.1_Streptococcus_pneumoniae                       17.94   22.64   21.07   23.10   23.62   23.38   25.62   21.67   27.15   17.59   25.08   22.67   24.92   23.20   34.73   43.58   43.20   39.22   40.12   37.13   38.62   41.32   40.72   38.92   38.32   37.72   40.72   41.14   49.71   45.48   45.16   47.99   51.18   52.65   54.12   54.21   58.06   55.14   55.00   58.06   57.02   51.61   52.65   53.29   58.24   55.00   57.35   57.60   57.56  100.00   70.09   44.31   46.31   44.12   43.79   42.77   43.48   51.18   47.79   50.74   48.67   51.62   53.10   31.33   31.12   32.23   32.23   31.93   39.29   37.72   38.02   33.03   37.13
    51: WP_115933252.1_Citricoccus_muralis                        18.60   22.01   22.64   23.42   23.62   25.97   26.09   21.67   26.82   16.61   23.73   22.98   26.50   22.57   37.13   42.39   43.20   41.32   39.82   37.72   39.52   40.42   38.62   37.13   38.62   39.82   44.31   42.34   50.00   50.73   49.85   52.20   54.71   56.47   61.47   63.64   64.81   58.94   60.59   60.70   60.70   58.94   57.06   55.39   58.82   60.00   61.47   61.29   65.10   70.09  100.00   46.02   46.02   47.35   46.45   46.02   44.41   54.12   47.79   53.69   53.39   54.57   56.34   31.33   30.51   33.73   32.83   33.43   38.69   38.02   38.62   34.24   35.03
    52: WP_088919872.1_Granulosicoccus_antarcticus                21.67   21.84   24.37   28.03   23.45   25.82   23.29   23.15   23.33   22.62   24.91   21.25   25.40   22.40   43.07   48.05   46.73   45.78   47.29   41.87   43.98   45.78   44.28   43.07   42.77   42.17   47.29   46.22   45.43   43.57   44.71   46.80   44.25   45.13   46.02   43.90   46.76   47.81   49.41   50.44   51.91   50.29   50.89   49.40   51.78   52.07   51.78   51.76   45.32   44.31   46.02  100.00   58.70   43.07   44.08   44.25   47.09   50.74   52.21   51.33   51.03   57.23   55.16   34.24   31.91   35.15   33.94   34.85   37.13   38.55   42.17   34.24   36.45
    53: WP_015749354.1_Nakamurella_multipartita                   20.60   23.34   23.34   23.17   25.00   23.45   22.50   21.40   23.92   21.90   24.15   20.87   25.00   22.64   38.44   45.81   43.62   45.05   44.14   41.14   42.34   43.54   41.74   39.64   39.64   39.34   45.35   45.18   45.00   41.76   42.94   45.29   43.53   45.59   45.29   44.71   45.59   48.97   48.08   47.49   52.94   47.94   50.15   48.95   51.03   49.85   50.15   50.74   46.61   46.31   46.02   58.70  100.00   45.88   46.90   44.71   45.59   50.15   51.47   54.12   51.76   52.94   52.06   30.82   33.03   33.53   33.23   34.74   37.31   38.44   40.84   31.52   34.53
    54: WP_028327376.1_Dermatophilus_congolensis                  17.55   23.90   26.73   25.95   24.60   25.65   25.23   23.67   23.84   17.92   23.05   20.81   23.34   23.82   35.63   40.90   41.42   40.12   38.32   37.43   38.32   39.52   35.03   36.23   37.72   37.13   42.22   37.54   47.80   47.51   48.09   45.45   45.75   50.44   45.16   45.16   46.92   47.35   47.35   45.88   45.45   46.92   46.76   45.21   46.47   46.76   46.76   46.47   48.24   44.12   47.35   43.07   45.88  100.00   68.73   63.53   50.59   49.26   54.12   48.24   53.53   49.41   49.12   33.43   30.51   33.13   34.94   33.13   32.74   35.33   38.02   34.24   35.03
    55: WP_040156198.1_Mobilicoccus_massiliensis                  18.60   22.08   26.50   23.49   22.40   24.76   23.12   23.75   24.58   18.95   23.47   21.81   22.47   23.27   35.84   40.54   38.39   40.06   38.55   37.65   38.55   40.36   36.14   37.95   37.05   37.95   41.57   39.27   47.79   43.95   44.25   47.20   47.20   48.08   46.02   45.43   47.20   47.93   46.15   46.15   45.72   46.02   45.56   44.28   44.08   46.45   45.56   47.04   47.04   43.79   46.45   44.08   46.90   68.73  100.00   70.21   47.79   48.52   50.74   49.56   51.03   50.15   50.74   30.61   31.00   33.03   33.64   33.33   34.13   36.14   37.35   34.04   35.54
    56: WP_006592558.1_Kineosphaera_limosa                        19.93   22.40   27.44   26.35   25.00   24.76   24.06   24.75   26.58   19.61   22.45   22.74   22.78   24.21   36.34   44.01   43.03   39.94   38.44   35.74   39.34   38.14   36.94   35.44   36.94   37.24   41.44   38.86   46.47   44.71   46.47   47.35   47.06   47.06   45.59   45.88   44.41   48.38   45.72   45.72   46.47   45.88   44.25   45.95   45.13   43.66   46.02   48.38   45.72   42.77   46.02   44.25   44.71   63.53   70.21  100.00   50.88   49.26   53.24   47.65   50.59   51.76   51.18   30.21   31.82   35.05   32.02   32.02   37.31   37.24   39.34   33.64   36.34
    57: WP_090596165.1_Auraticoccus_monumenti                     21.93   26.81   24.61   26.03   25.32   24.76   25.70   22.41   25.58   20.26   23.13   20.56   23.73   24.84   37.84   47.01   44.51   45.05   44.14   42.94   45.65   45.05   42.34   41.74   43.24   42.94   44.74   43.67   43.82   40.82   40.47   44.22   44.71   47.06   46.18   42.49   46.33   47.54   42.18   44.12   46.78   41.06   45.13   47.45   43.66   42.18   44.84   43.70   43.73   43.48   44.41   47.09   45.59   50.59   47.79   50.88  100.00   53.82   56.18   50.00   52.94   55.88   56.47   32.93   30.61   33.84   35.35   33.53   38.21   39.04   39.64   35.45   33.33
    58: WP_091632192.1_Micromonospora_peucetia                    22.00   25.55   24.29   26.67   26.62   26.71   27.41   19.40   24.58   20.92   22.45   23.05   26.58   24.21   39.64   49.70   48.37   47.45   47.45   45.95   43.84   45.05   44.14   41.74   42.64   44.14   47.15   45.78   49.56   48.53   48.82   52.06   54.28   52.80   53.69   54.12   55.00   59.12   53.69   57.06   53.82   54.12   56.34   57.06   56.05   54.28   56.64   54.71   54.41   51.18   54.12   50.74   50.15   49.26   48.52   49.26   53.82  100.00   54.57   57.82   59.00   61.36   61.06   37.46   34.24   37.46   37.76   36.56   39.40   42.34   40.84   38.79   38.14
    59: WP_013865923.1_Microlunatus_phosphovorus                  18.87   23.90   27.36   26.58   25.89   23.70   23.36   24.00   23.51   21.17   22.37   22.05   24.29   23.20   38.92   43.88   44.67   44.91   43.11   41.92   43.41   44.01   41.92   43.41   42.81   43.11   46.71   43.54   46.47   45.00   47.35   47.06   45.59   49.71   46.76   47.35   50.00   51.33   48.67   50.74   51.18   47.65   49.85   50.15   51.62   50.15   52.51   52.51   46.31   47.79   47.79   52.21   51.47   54.12   50.74   53.24   56.18   54.57  100.00   56.60   57.94   61.47   60.00   32.83   32.02   33.43   32.83   33.73   35.71   33.83   40.12   33.84   34.73
    60: WP_012948569.1_Geodermatophilus_obscurus                  21.52   24.84   27.04   24.37   24.60   26.30   24.92   21.33   24.17   19.54   22.37   21.74   24.29   21.94   38.32   48.66   50.00   44.31   45.21   44.91   44.91   46.41   44.61   42.81   43.11   44.01   46.41   46.85   47.65   46.76   47.06   50.88   50.59   53.82   51.18   51.18   53.53   58.41   53.39   53.39   50.88   52.06   51.03   53.15   53.10   52.51   54.57   53.98   51.92   50.74   53.69   51.33   54.12   48.24   49.56   47.65   50.00   57.82   56.60  100.00   61.18   65.59   63.24   32.53   32.63   34.64   34.04   33.43   39.58   39.82   40.42   34.44   33.53
    61: WP_012802190.1_Kytococcus_sedentarius                     22.92   25.24   26.81   26.03   22.73   27.04   25.31   23.08   23.92   23.20   23.81   23.68   24.05   23.90   37.84   48.80   49.85   46.55   45.35   45.35   43.84   48.65   43.84   43.84   45.35   45.35   47.75   47.59   46.47   48.82   48.24   48.24   52.94   52.94   50.59   49.12   53.24   56.05   53.69   54.28   53.53   52.06   51.62   51.65   52.21   52.51   53.39   53.69   53.10   48.67   53.39   51.03   51.76   53.53   51.03   50.59   52.94   59.00   57.94   61.18  100.00   65.00   62.65   33.53   31.52   34.44   34.44   33.23   37.31   36.94   42.34   35.15   35.14
